Insertation Sort
(22,27,16,2,18,6)
(2,27,16,22,18,6)
(2,6,16,22,18,27)
(2,6,16,22,18,27)
(2,6,16,18,22,27)

Merge Sort
(22,27,16,2,18,6)
(22,27,16) (2,18,6)
(22) (27,16) (2,18) (6)
(22) (27) (16) (2) (18) (6)
(22) (16,27) (2,18) (6)
(16,22,27) (2,6,18)
(2,6,16,18,22,27)

Quick Sort
(22,27,16,2,18,6) Pivot 18

(16,2,6) (18) (22,27)
(2) (6) (16) pivot6 (18) (22) (27) pivot22
(2,6,16,18,22,27)


(7,3,5,8,2,9,4,15,6) ==> Insertation Sort'a göre ilk 4 adımı
1=(3,7,5,8,2,9,4,15,6)
2=(3,5,7,8,2,9,4,15,6)
3=(3,5,7,8,2,9,4,15,6)
4=(2,3,5,7,8,9,4,15,6)


Big-O ==> O(n^2)
